{
    "1": {
        "cframe": "-1149.17542, 395.145172, -16.7596684, 1, 0, 0, 0, 1, 0, 0, 0, 1",
        "money": "450",
        "type": "SpawnUnit",
        "unit": "Bobak"
    },
    "10": {
        "cframe": "-1143.36499, 396.895172, -17.0967808, 1, 0, 0, 0, 1, 0, 0, 0, 1",
        "money": "1200",
        "type": "UpgradeUnit",
        "unit": "AI Hoshino"
    },
    "11": {
        "cframe": "-1160.58264, 395.145172, -15.8129826, 1, 0, 0, 0, 1, 0, 0, 0, 1",
        "money": "1500",
        "type": "UpgradeUnit",
        "unit": "Speedwagon"
    },
    "12": {
        "cframe": "-1160.42908, 395.145172, -25.2798805, 1, 0, 0, 0, 1, 0, 0, 0, 1",
        "money": "1500",
        "type": "UpgradeUnit",
        "unit": "Speedwagon"
    },
    "13": {
        "cframe": "-1160.42908, 395.145172, -25.2798805, 1, 0, 0, 0, 1, 0, 0, 0, 1",
        "money": "2250",
        "type": "UpgradeUnit",
        "unit": "Speedwagon"
    },
    "14": {
        "cframe": "-1164.31824, 395.09903, -14.3590412, -0.602198839, 0, 0.798346102, 0, 1, 0, -0.798346102, 0, -0.602198839",
        "money": "4500",
        "type": "UpgradeUnit",
        "unit": "Itachi Edo"
    },
    "15": {
        "cframe": "-1160.30957, 395.145172, -19.453743, 1, 0, 0, 0, 1, 0, 0, 0, 1",
        "money": "2500",
        "type": "SpawnUnit",
        "unit": "Vegito (SSJ)"
    },
    "16": {
        "cframe": "-1173.15015, 396.895172, -14.0850096, 1, 0, 0, 0, 1, 0, 0, 0, 1",
        "money": "2250",
        "type": "UpgradeUnit",
        "unit": "AI Hoshino"
    },
    "17": {
        "cframe": "-1160.42908, 395.145172, -25.2798805, 1, 0, 0, 0, 1, 0, 0, 0, 1",
        "money": "2950",
        "type": "UpgradeUnit",
        "unit": "Speedwagon"
    },
    "18": {
        "cframe": "-1160.58264, 395.145172, -15.8129826, 1, 0, 0, 0, 1, 0, 0, 0, 1",
        "money": "2250",
        "type": "UpgradeUnit",
        "unit": "Speedwagon"
    },
    "19": {
        "cframe": "-1160.58264, 395.145172, -15.8129826, 1, 0, 0, 0, 1, 0, 0, 0, 1",
        "money": "2950",
        "type": "UpgradeUnit",
        "unit": "Speedwagon"
    },
    "2": {
        "cframe": "-1160.36255, 395.006744, -36.7136078, 1, 0, 0, 0, 1, 0, 0, 0, 1",
        "money": "650",
        "type": "SpawnUnit",
        "unit": "Android21evo"
    },
    "20": {
        "cframe": "-1160.42908, 395.145172, -25.2798805, 1, 0, 0, 0, 1, 0, 0, 0, 1",
        "money": "3800",
        "type": "UpgradeUnit",
        "unit": "Speedwagon"
    },
    "21": {
        "cframe": "-1160.58264, 395.145172, -15.8129826, 1, 0, 0, 0, 1, 0, 0, 0, 1",
        "money": "3800",
        "type": "UpgradeUnit",
        "unit": "Speedwagon"
    },
    "22": {
        "cframe": "-1173.15015, 396.895172, -14.0850096, 1, 0, 0, 0, 1, 0, 0, 0, 1",
        "money": "4000",
        "type": "UpgradeUnit",
        "unit": "AI Hoshino"
    },
    "23": {
        "cframe": "-1143.36499, 396.895172, -17.0967808, 1, 0, 0, 0, 1, 0, 0, 0, 1",
        "money": "2250",
        "type": "UpgradeUnit",
        "unit": "AI Hoshino"
    },
    "24": {
        "cframe": "-1143.36499, 396.895172, -17.0967808, 1, 0, 0, 0, 1, 0, 0, 0, 1",
        "money": "4000",
        "type": "UpgradeUnit",
        "unit": "AI Hoshino"
    },
    "25": {
        "cframe": "-1143.36499, 396.895172, -17.0967808, 1, 0, 0, 0, 1, 0, 0, 0, 1",
        "money": "6550",
        "type": "UpgradeUnit",
        "unit": "AI Hoshino"
    },
    "26": {
        "cframe": "-1173.15015, 396.895172, -14.0850096, 1, 0, 0, 0, 1, 0, 0, 0, 1",
        "money": "6550",
        "type": "UpgradeUnit",
        "unit": "AI Hoshino"
    },
    "27": {
        "cframe": "-1160.42908, 395.145172, -25.2798805, 1, 0, 0, 0, 1, 0, 0, 0, 1",
        "money": "4750",
        "type": "UpgradeUnit",
        "unit": "Speedwagon"
    },
    "28": {
        "cframe": "-1160.58264, 395.145172, -15.8129826, 1, 0, 0, 0, 1, 0, 0, 0, 1",
        "money": "4750",
        "type": "UpgradeUnit",
        "unit": "Speedwagon"
    },
    "29": {
        "cframe": "-1143.36499, 396.895172, -17.0967808, 1, 0, 0, 0, 1, 0, 0, 0, 1",
        "money": "9750",
        "type": "UpgradeUnit",
        "unit": "AI Hoshino"
    },
    "3": {
        "cframe": "-1160.42908, 395.145172, -25.2798805, 1, 0, 0, 0, 1, 0, 0, 0, 1",
        "money": "600",
        "type": "SpawnUnit",
        "unit": "Speedwagon"
    },
    "30": {
        "cframe": "-1173.15015, 396.895172, -14.0850096, 1, 0, 0, 0, 1, 0, 0, 0, 1",
        "money": "9750",
        "type": "UpgradeUnit",
        "unit": "AI Hoshino"
    },
    "31": {
        "cframe": "-1164.31824, 395.09903, -14.3590412, 0.974268556, -0, -0.225390196, 0, 1, -0, 0.225390196, 0, 0.974268556",
        "money": "6000",
        "type": "UpgradeUnit",
        "unit": "Itachi Edo"
    },
    "32": {
        "cframe": "-1164.31824, 395.09903, -14.3590412, 0.974268556, -0, -0.225390196, 0, 1, -0, 0.225390196, 0, 0.974268556",
        "money": "8000",
        "type": "UpgradeUnit",
        "unit": "Itachi Edo"
    },
    "33": {
        "cframe": "-1164.31824, 395.09903, -14.3590412, 0.974268556, -0, -0.225390196, 0, 1, -0, 0.225390196, 0, 0.974268556",
        "money": "800",
        "type": "UpgradeUnit",
        "unit": "Itachi Edo"
    },
    "34": {
        "cframe": "-1164.31824, 395.09903, -14.3590412, 0.950879157, -0, -0.309562266, 0, 1, -0, 0.309562266, 0, 0.950879157",
        "money": "800",
        "type": "UpgradeUnit",
        "unit": "Itachi Edo"
    },
    "35": {
        "cframe": "-1164.31824, 395.09903, -14.3590412, 0.950879157, -0, -0.309562266, 0, 1, -0, 0.309562266, 0, 0.950879157",
        "money": "800",
        "type": "UpgradeUnit",
        "unit": "Itachi Edo"
    },
    "36": {
        "cframe": "-1160.30957, 395.145172, -19.453743, 0.996587753, -0, -0.0825396702, 0, 1, -0, 0.0825396702, 0, 0.996587753",
        "money": "3750",
        "type": "UpgradeUnit",
        "unit": "Vegito (SSJ)"
    },
    "37": {
        "cframe": "-1160.30957, 395.145172, -19.453743, 0.996587753, -0, -0.0825396702, 0, 1, -0, 0.0825396702, 0, 0.996587753",
        "money": "5500",
        "type": "UpgradeUnit",
        "unit": "Vegito (SSJ)"
    },
    "38": {
        "cframe": "-1160.30957, 395.145172, -19.453743, 0.996587753, -0, -0.0825396702, 0, 1, -0, 0.0825396702, 0, 0.996587753",
        "money": "9000",
        "type": "UpgradeUnit",
        "unit": "Vegito (SSJ)"
    },
    "39": {
        "cframe": "-1160.30957, 395.145172, -19.453743, 0.999388874, -0, -0.0349550731, 0, 1, -0, 0.0349550731, 0, 0.999388874",
        "money": "7000",
        "type": "UpgradeUnit",
        "unit": "Vegito (SSJ)"
    },
    "4": {
        "cframe": "-1160.58264, 395.145172, -15.8129826, 1, 0, 0, 0, 1, 0, 0, 0, 1",
        "money": "600",
        "type": "SpawnUnit",
        "unit": "Speedwagon"
    },
    "40": {
        "cframe": "-1160.30957, 395.145172, -19.453743, 0.999388874, -0, -0.0349550731, 0, 1, -0, 0.0349550731, 0, 0.999388874",
        "money": "11500",
        "type": "UpgradeUnit",
        "unit": "Vegito (SSJ)"
    },
    "41": {
        "cframe": "-1160.30957, 395.145172, -19.453743, 0.999388874, -0, -0.0349550731, 0, 1, -0, 0.0349550731, 0, 0.999388874",
        "money": "13000",
        "type": "UpgradeUnit",
        "unit": "Vegito (SSJ)"
    },
    "42": {
        "cframe": "-1160.30957, 395.145172, -19.453743, -0.280770183, 0, -0.959774971, 0, 1, 0, 0.959774971, 0, -0.280770183",
        "money": "15000",
        "type": "UpgradeUnit",
        "unit": "Vegito (SSJ)"
    },
    "43": {
        "cframe": "-1160.30957, 395.145172, -19.453743, -0.280770183, 0, -0.959774971, 0, 1, 0, 0.959774971, 0, -0.280770183",
        "money": "17500",
        "type": "UpgradeUnit",
        "unit": "Vegito (SSJ)"
    },
    "44": {
        "cframe": "-1160.30957, 395.145172, -19.453743, 0.999960482, -0, -0.00889107957, 0, 1, -0, 0.00889107957, 0, 0.999960482",
        "money": "20500",
        "type": "UpgradeUnit",
        "unit": "Vegito (SSJ)"
    },
    "45": {
        "cframe": "-1160.30957, 395.145172, -19.453743, -0.202117085, 0, -0.979361475, 0, 1, 0, 0.979361475, 0, -0.202117085",
        "money": "22500",
        "type": "UpgradeUnit",
        "unit": "Vegito (SSJ)"
    },
    "46": {
        "cframe": "-1160.36255, 395.006744, -36.7136078, 0.999522507, -0, -0.0308995899, 0, 1, -0, 0.0308995899, 0, 0.999522507",
        "money": "3150",
        "type": "UpgradeUnit",
        "unit": "Android21evo"
    },
    "47": {
        "cframe": "-1160.36255, 395.006744, -36.7136078, 0.999522507, -0, -0.0308995899, 0, 1, -0, 0.0308995899, 0, 0.999522507",
        "money": "5500",
        "type": "UpgradeUnit",
        "unit": "Android21evo"
    },
    "48": {
        "cframe": "-1160.36255, 395.006744, -36.7136078, -0.888726234, 0, -0.458438635, 0, 1, 0, 0.458438635, 0, -0.888726234",
        "money": "8500",
        "type": "UpgradeUnit",
        "unit": "Android21evo"
    },
    "49": {
        "cframe": "-1160.36255, 395.006744, -36.7136078, -0.790315032, 0, -0.612700701, 0, 1, 0, 0.612700701, 0, -0.790315032",
        "money": "10500",
        "type": "UpgradeUnit",
        "unit": "Android21evo"
    },
    "5": {
        "cframe": "-1143.36499, 396.895172, -17.0967808, 1, 0, 0, 0, 1, 0, 0, 0, 1",
        "money": "650",
        "type": "SpawnUnit",
        "unit": "AI Hoshino"
    },
    "50": {
        "cframe": "-1160.36255, 395.006744, -36.7136078, -0.859907031, 0, -0.510451436, 0, 1, 0, 0.510451436, 0, -0.859907031",
        "money": "13250",
        "type": "UpgradeUnit",
        "unit": "Android21evo"
    },
    "51": {
        "cframe": "-1149.17542, 395.145172, -16.7596684, 0.101884305, -0, -0.994796276, 0, 1, -0, 0.994796276, 0, 0.101884305",
        "money": "1250",
        "type": "UpgradeUnit",
        "unit": "Bobak"
    },
    "52": {
        "cframe": "-1149.17542, 395.145172, -16.7596684, 0.101884305, -0, -0.994796276, 0, 1, -0, 0.994796276, 0, 0.101884305",
        "money": "2000",
        "type": "UpgradeUnit",
        "unit": "Bobak"
    },
    "53": {
        "cframe": "-1149.17542, 395.145172, -16.7596684, 0.195341885, -0, -0.980735183, 0, 1, -0, 0.980735183, 0, 0.195341885",
        "money": "3000",
        "type": "UpgradeUnit",
        "unit": "Bobak"
    },
    "54": {
        "cframe": "-1149.17542, 395.145172, -16.7596684, 0.0126558542, -0, -0.999919891, 0, 1, -0, 0.999919891, 0, 0.0126558542",
        "money": "6000",
        "type": "UpgradeUnit",
        "unit": "Bobak"
    },
    "55": {
        "cframe": "-1160.30957, 395.145172, -19.453743, -0.116057992, 0, -0.993242443, 0, 1, 0, 0.993242443, 0, -0.116057992",
        "money": "25500",
        "type": "UpgradeUnit",
        "unit": "Vegito (SSJ)"
    },
    "56": {
        "cframe": "-1160.30957, 395.145172, -19.453743, -0.173735499, 0, -0.984792471, 0, 1, 0, 0.984792471, 0, -0.173735499",
        "money": "37500",
        "type": "UpgradeUnit",
        "unit": "Vegito (SSJ)"
    },
    "57": {
        "cframe": "-1160.30957, 395.145172, -19.453743, -0.094697237, 0, -0.995506167, 0, 1, 0, 0.995506167, 0, -0.094697237",
        "money": "44500",
        "type": "UpgradeUnit",
        "unit": "Vegito (SSJ)"
    },
    "6": {
        "cframe": "-1173.15015, 396.895172, -14.0850096, 1, 0, 0, 0, 1, 0, 0, 0, 1",
        "money": "650",
        "type": "SpawnUnit",
        "unit": "AI Hoshino"
    },
    "7": {
        "cframe": "-1164.31824, 395.09903, -14.3590412, 1, 0, 0, 0, 1, 0, 0, 0, 1",
        "money": "2250",
        "type": "SpawnUnit",
        "unit": "Itachi Edo"
    },
    "8": {
        "cframe": "-1164.31824, 395.09903, -14.3590412, 0.334296286, -0, -0.942467988, 0, 1, -0, 0.942467988, 0, 0.334296286",
        "money": "3500",
        "type": "UpgradeUnit",
        "unit": "Itachi Edo"
    },
    "9": {
        "cframe": "-1173.15015, 396.895172, -14.0850096, 1, 0, 0, 0, 1, 0, 0, 0, 1",
        "money": "1200",
        "type": "UpgradeUnit",
        "unit": "AI Hoshino"
    },
	"58": {
        "cframe": "-1149.17542, 395.145172, -16.7596684, 1, 0, 0, 0, 1, 0, 0, 0, 1",
        "type": "SellUnit",
        "unit": "Bobak"
	},
	"59": { 
		"cframe": "-1160.36255, 395.006744, -36.7136078, 1, 0, 0, 0, 1, 0, 0, 0, 1",
        "money": "450",
        "type": "SpawnUnit",
        "unit": "Bobak"
	},	
	"60": {
        "cframe": "-1160.36255, 395.006744, -36.7136078, 0.999522507, -0, -0.0308995899, 0, 1, -0, 0.0308995899, 0, 0.999522507",
        "money": "1250",
        "type": "UpgradeUnit",
        "unit": "Bobak"
    },
    "61": {
        "cframe": "-1160.36255, 395.006744, -36.7136078, 0.999522507, -0, -0.0308995899, 0, 1, -0, 0.0308995899, 0, 0.999522507",
        "money": "2000",
        "type": "UpgradeUnit",
        "unit": "Bobak"
    },
    "62": {
        "cframe": "-1160.36255, 395.006744, -36.7136078, -0.888726234, 0, -0.458438635, 0, 1, 0, 0.458438635, 0, -0.888726234",
        "money": "3000",
        "type": "UpgradeUnit",
        "unit": "Bobak"
    },
    "63": {
        "cframe": "-1160.36255, 395.006744, -36.7136078, -0.888726234, 0, -0.458438635, 0, 1, 0, 0.458438635, 0, -0.888726234",
        "money": "6000",
        "type": "UpgradeUnit",
        "unit": "Bobak"
    },
	
    "Data": {
        "Map": "Marines Fort",
        "RecordMode": "Money",
        "Units": ["Itachi Edo", "Android21evo", "AI Hoshino", "Speedwagon", "Vegito (SSJ)", "Bobak"]
    }
}
